[gd_scene load_steps=8 format=2]

[ext_resource path="res://scenes/Orbit.tscn" type="PackedScene" id=1]
[ext_resource path="res://scenes/TargetPoint.tscn" type="PackedScene" id=2]
[ext_resource path="res://scenes/PlayerMjolnir.tscn" type="PackedScene" id=3]
[ext_resource path="res://scenes/BaseLevel.tscn" type="PackedScene" id=4]
[ext_resource path="res://scenes/Planet.tscn" type="PackedScene" id=5]
[ext_resource path="res://scenes/PlanetLava.tscn" type="PackedScene" id=6]

[sub_resource type="Curve3D" id=1]
_data = {
"points": PoolVector3Array( -2.20603, -2.72471, -8.85993, 2.20603, 2.72471, 8.85993, 0, 0, 0, -3.21934, -2.5471, -5.26543, 3.21934, 2.5471, 5.26543, -9.0964, 7.62963, 26.3269, -5.99298, -7.03831, -3.98373, 5.99298, 7.03831, 3.98373, 4.61171, 14.7594, 38.9685, 2.90736, 5.10788, -19.6608, -2.90736, -5.10788, 19.6608, 28.5624, 14.2587, 84.7778, 5.00699, 6.79774, -5.24049, -5.00699, -6.79774, 5.24049, 23.5184, -3.18877, 106.396, 17.5959, 5.87776, 5.80735, -17.5959, -5.87776, -5.80735, -21.8347, -12.4193, 112.97, 7.94668, -5.36971, 10.7003, -7.94668, 5.36971, -10.7003, -66.6171, -11.7033, 89.7562, -9.95409, 2.42996, 16.3532, 9.95409, -2.42996, -16.3532, -60.4052, -23.2089, 40.7655, -7.18951, -8.54212, 12.4864, 7.18951, 8.54212, -12.4864, -26.2061, -22.0296, -15.5312, -3.49162, -1.94985, -10.2613, 3.49162, 1.94985, 10.2613, 0, 0, 0 ),
"tilts": PoolRealArray( 0, 0, 0, 0, 0, 0, 0, 0, 0, 0 )
}

[node name="Scene" instance=ExtResource( 4 )]

[node name="Orbit" parent="Level" index="1" instance=ExtResource( 1 )]
path_node = NodePath("../Path")

[node name="Planet2" parent="Level" index="2" instance=ExtResource( 6 )]
transform = Transform( 26.8268, 0, 29.6703, 0, 40, 0, -29.6703, 0, 26.8268, 90.2447, 16.011, 93.9574 )

[node name="Planet" parent="Level" index="3" instance=ExtResource( 5 )]
transform = Transform( 13.4134, 0, 14.8351, 0, 20, 0, -14.8351, 0, 13.4134, -68.3219, -49.8723, 129.034 )

[node name="Path" type="Path" parent="Level" index="4"]
transform = Transform( 1.00549, 0, 0, 0, 1.00549, 0, 0, 0, 1.00549, 0, 0, 0 )
curve = SubResource( 1 )

[node name="PathFollow" type="PathFollow" parent="Level/Path" index="0"]
transform = Transform( 0.973404, -0.0654865, 0.219532, 0, 0.958274, 0.285853, -0.229091, -0.278251, 0.932787, 0, 0, 0 )
rotation_mode = 4

[node name="PlayerMjolnir" parent="Level/Path/PathFollow" index="0" instance=ExtResource( 3 )]
transform = Transform( -1, 0, 1.50996e-07, 0, 1, 0, -1.50996e-07, 0, -1, 0, 0, 0 )

[node name="Point_1" type="Spatial" parent="Level" index="5"]
transform = Transform( 1, 0, 0, 0, 1, 0, 0, 0, 1, -9.0964, 7.62963, 26.3269 )

[node name="Target_1" parent="Level/Point_1" index="0" instance=ExtResource( 2 )]

[node name="Point_2" type="Spatial" parent="Level" index="6"]
transform = Transform( 1, 0, 0, 0, 1, 0, 0, 0, 1, 4.61171, 14.7594, 38.9685 )

[node name="Target_2" parent="Level/Point_2" index="0" instance=ExtResource( 2 )]

[node name="Point_3" type="Spatial" parent="Level" index="7"]
transform = Transform( 0.830334, 0.539333, -0.140233, -0.556697, 0.791419, -0.252477, -0.0251866, 0.287707, 0.957387, 28.5624, 14.2587, 84.7778 )

[node name="Target_3" parent="Level/Point_3" index="0" instance=ExtResource( 2 )]
transform = Transform( 1, -1.16415e-08, -9.31323e-09, 1.52271e-07, 1, 8.9407e-08, 1.30385e-08, 0, 1, -3.37569, -5.45161, -1.00098 )

[node name="Point_4" type="Spatial" parent="Level" index="8"]
transform = Transform( 0.731203, 0.47555, -0.489074, -0.651828, 0.275663, -0.706492, -0.201153, 0.835381, 0.511542, 23.5184, -3.18877, 106.396 )

[node name="Target_4" parent="Level/Point_4" index="0" instance=ExtResource( 2 )]
transform = Transform( 1, -8.9407e-08, 2.23517e-08, -5.96046e-08, 1, -1.49012e-07, -3.12924e-07, -1.49012e-07, 1, 2.17011, 10.8504, 9.18125 )

[node name="Point_5" type="Spatial" parent="Level" index="9"]
transform = Transform( 1, 0, 0, 0, 1, 0, 0, 0, 1, -21.8347, -12.4193, 112.97 )

[node name="Target_5" parent="Level/Point_5" index="0" instance=ExtResource( 2 )]

[node name="Point_6" type="Spatial" parent="Level" index="10"]
transform = Transform( -0.372709, -0.75405, -0.54083, -0.914855, 0.201028, 0.350183, -0.155333, 0.625297, -0.764771, -66.6171, -11.7033, 89.7562 )

[node name="Target_6" parent="Level/Point_6" index="0" instance=ExtResource( 2 )]
transform = Transform( 1, -5.21541e-08, 7.45058e-09, 7.45058e-09, 0.999999, 0, -2.23517e-08, 1.78814e-07, 1, 4.84026, 19.3407, 9.52308 )

[node name="Point_7" type="Spatial" parent="Level" index="11"]
transform = Transform( 1, 0, 0, 0, 1, 0, 0, 0, 1, -60.4052, -23.2089, 40.7655 )

[node name="Target_7" parent="Level/Point_7" index="0" instance=ExtResource( 2 )]

[node name="Point_8" type="Spatial" parent="Level" index="12"]
transform = Transform( 0.206334, -0.878486, 0.430917, -0.861408, 0.0458047, 0.505844, -0.464114, -0.475568, -0.747284, -26.2061, -22.0296, -15.5312 )

[node name="Target_8" parent="Level/Point_8" index="0" instance=ExtResource( 2 )]
transform = Transform( 1, 0, 8.9407e-08, -1.49012e-08, 1, -1.49012e-07, 3.27826e-07, -2.98023e-08, 1, -2.85023, -11.9007, -3.77607 )
