[gd_scene load_steps=9 format=2]

[ext_resource path="res://scenes/BaseLevel.tscn" type="PackedScene" id=1]
[ext_resource path="res://scenes/PlayerMjolnir.tscn" type="PackedScene" id=2]
[ext_resource path="res://scripts/GangutSpaceHub.gdns" type="Script" id=3]
[ext_resource path="res://assets/3rd/gangut_space_hub/scene.gltf" type="PackedScene" id=5]
[ext_resource path="res://scenes/T-Dummy.tscn" type="PackedScene" id=6]
[ext_resource path="res://scenes/Radar.tscn" type="PackedScene" id=7]
[ext_resource path="res://scenes/Orbit.tscn" type="PackedScene" id=8]

[sub_resource type="Curve3D" id=1]
_data = {
"points": PoolVector3Array( -14.8819, 56.0771, -178.328, 14.8819, -56.0771, 178.328, -0.257652, -12.8017, 28.2155, -386.472, -83.7216, -241.965, 386.472, 83.7216, 241.965, 519.996, -198.657, 410.229, -214.832, -7.70972, 120.807, 214.832, 7.70972, -120.807, 1363.28, -163.77, 379.417, 45.7496, -122.548, 134.22, -45.7496, 122.548, -134.22, 1871.35, 49.5703, 131.883, 326.086, 11.1027, 193.84, -326.086, -11.1027, -193.84, 1230.65, 211.027, -303.277, 171.421, 116.314, -12.1331, -171.421, -116.314, 12.1331, 204.711, 159.283, -313.367, 2.38455, 2.09718, -7.38764, -2.38455, -2.09718, 7.38764, 3.20841, 0.307525, -0.627677, 0, 0, 0, 0, 0, 0, -0.257652, -12.8017, 28.2155 ),
"tilts": PoolRealArray( 0, 0, 0, 0, 0, 0, 0, 0 )
}

[node name="Scene" instance=ExtResource( 1 )]

[node name="t-gangut_space_hub" parent="Level" index="0" instance=ExtResource( 5 )]
transform = Transform( 1, 0, 0, 0, 1, 0, 0, 0, 1, 900, 0, 0 )
script = ExtResource( 3 )

[node name="Path" type="Path" parent="Level" index="1"]
curve = SubResource( 1 )

[node name="PathFollow" type="PathFollow" parent="Level/Path" index="0"]
transform = Transform( 0.996521, 0.0249548, 0.079539, 0, 0.954142, -0.299352, -0.0833624, 0.298312, 0.950816, -0.257652, -12.8017, 28.2155 )
rotation_mode = 4

[node name="PlayerMjolnir" parent="Level/Path/PathFollow" index="0" instance=ExtResource( 2 )]
transform = Transform( -1, 0, 8.9407e-08, -1.86265e-09, 1, 2.98023e-08, -8.19564e-08, -2.98023e-08, -1, 0, 0, 0 )

[node name="Orbit" parent="Level/Path" index="1" instance=ExtResource( 8 )]

[node name="EnemyCluster" type="Node" parent="Level" index="2"]

[node name="t-dummy3" parent="Level/EnemyCluster" index="0" instance=ExtResource( 6 )]
transform = Transform( 1, 0, 0, 0, 1, 0, 0, 0, 1, 232.85, -115.683, 386.604 )

[node name="t-dummy4" parent="Level/EnemyCluster" index="1" instance=ExtResource( 6 )]
transform = Transform( -0.133156, 0, 0.991095, -0.381416, -0.922982, -0.0512442, 0.914763, -0.384843, 0.122901, 1537.95, 169.063, -253.345 )

[node name="t-dummy6" parent="Level/EnemyCluster" index="2" instance=ExtResource( 6 )]
transform = Transform( -0.133156, 0, 0.991095, -0.381416, -0.922982, -0.0512442, 0.914763, -0.384843, 0.122901, 1388.29, -81.7464, 480.798 )

[node name="t-dummy5" parent="Level/EnemyCluster" index="3" instance=ExtResource( 6 )]
transform = Transform( 1, 0, 0, 0, 1, 0, 0, 0, 1, 362.201, 262.592, -334.042 )

[node name="t-dummy2" parent="Level/EnemyCluster" index="4" instance=ExtResource( 6 )]
transform = Transform( 0.918571, 0, 0.395257, 0, 1, 0, -0.395257, 0, 0.918571, 9.73321, -53.8456, 259.526 )

[node name="UIExtra" type="CanvasLayer" parent="UI" index="1"]

[node name="Radar" parent="UI/MarginContainer/UIExtra" index="0" instance=ExtResource( 7 )]
anchor_right = 0.0
anchor_bottom = 0.0
margin_right = 216.0
margin_bottom = 213.0
